
R101:
94.717156	82.254037	82.605529	82.273832	82.683067	82.694865	82.568895	82.635409	82.663297	82.92893	
1666.8958659	1718.65099387	1725.51561039	1673.10789227	1692.04937102	1691.49076646	1687.59389354	1716.28123841	1673.7326588	1694.89844055	
7.0	7.0	7.0	7.0	7.0	7.0	7.0	7.0	7.0	7.0	

R102:
82.209233	82.270828	82.508866	82.75855	82.633471	82.626028	82.920942	82.650542	83.022691	82.803279	
1682.20694607	1654.86507159	1661.95783022	1715.19355964	1643.90317803	1644.91342066	1710.65515457	1700.8675064	1721.13860322	1660.35770631	
7.0	7.0	7.0	7.0	7.0	7.0	7.0	7.0	7.0	7.0	

R103:
82.614415	82.122458	82.175797	82.615571	82.154816	82.24664	82.065548	82.295484	82.359533	82.804178	
1675.29403916	1689.48217922	1655.58465928	1662.40292434	1683.12281499	1694.47797761	1675.37783069	1704.9351385	1653.53179544	1696.09708095	
7.0	7.0	7.0	7.0	7.0	7.0	7.0	7.0	7.0	7.0	

R104:
82.340241	82.003017	82.340488	82.007764	82.649262	82.190505	82.334803	82.724993	82.469679	81.982945	
1675.07583148	1632.72227593	1712.3838758	1647.86052819	1668.43078559	1647.52871321	1670.02756809	1691.83136211	1671.40447776	1671.75940386	
7.0	7.0	7.0	7.0	7.0	7.0	7.0	7.0	7.0	7.0	

R105:
82.540091	82.141889	82.432162	82.161245	82.339219	82.175542	82.387159	82.30336	81.996865	82.018764	
1650.11327756	1730.95393161	1710.97827891	1717.53551699	1724.27503511	1685.78882425	1672.28546817	1687.97739536	1666.66043563	1688.91153931	
7.0	7.0	7.0	7.0	7.0	7.0	7.0	7.0	7.0	7.0	

R106:
82.125019	82.23463	82.345819	82.342196	81.935472	82.26869	82.178369	82.431634	82.231601	82.08719	
1669.09144381	1659.54800797	1687.94925752	1661.75021928	1658.03868772	1661.46510753	1687.15031612	1707.34006029	1644.65545737	1749.6990137	
7.0	7.0	7.0	7.0	7.0	7.0	7.0	7.0	7.0	7.0	

R107:
82.051351	82.081722	82.028847	81.907778	82.388361	82.057428	82.434306	81.806156	81.940645	81.880013	
1695.08264557	1715.296809	1654.96985734	1655.81371869	1653.54082341	1664.117887	1716.16311358	1652.45414838	1684.96812146	1653.53179544	
7.0	7.0	7.0	7.0	7.0	7.0	7.0	7.0	7.0	7.0	

R108:
82.269363	81.90388	82.159003	81.952658	81.974174	82.062821	82.071964	82.030681	81.661746	81.839035	
1680.02878601	1703.70775113	1653.79740612	1674.68682567	1648.20197078	1656.85189118	1667.10962336	1686.24533091	1672.41225405	1686.61716432	
7.0	7.0	7.0	7.0	7.0	7.0	7.0	7.0	7.0	7.0	

R109:
82.290992	82.109126	82.155241	82.093929	82.175292	82.037091	81.979224	81.925137	81.910378	81.93035	
1703.59071959	1673.84291734	1731.36337226	1706.35208572	1712.75820833	1700.482501	1692.24732571	1681.85710226	1657.90189167	1713.1590088	
7.0	7.0	7.0	7.0	7.0	7.0	7.0	7.0	7.0	7.0	

R110:
81.959914	81.866683	82.134052	82.081655	82.000613	82.084522	82.114979	82.027246	82.081598	81.910774	
1717.1115547	1664.70130554	1665.7238433	1711.35317615	1714.7664643	1672.02232345	1739.17769628	1665.76546058	1674.70725633	1665.252581	
7.0	7.0	7.0	7.0	7.0	7.0	7.0	7.0	7.0	7.0	

R111:
82.164287	81.97263	82.239845	81.963899	81.662167	81.657853	82.171554	81.872417	82.127486	81.817145	
1727.97968591	1688.23400546	1721.4266854	1658.722028	1717.76301008	1722.39788767	1663.53252795	1749.47224927	1666.28546319	1699.13333682	
7.0	7.0	7.0	7.0	7.0	7.0	7.0	7.0	7.0	7.0	

R112:
81.809727	82.008275	82.086606	81.852258	82.036163	82.156162	82.033522	81.703409	81.966045	81.793061	
1724.71159619	1704.62643267	1649.21561376	1687.27276462	1709.95395012	1686.30504061	1647.44375672	1698.00391675	1698.46620438	1672.64138762	
7.0	7.0	7.0	7.0	7.0	7.0	7.0	7.0	7.0	7.0	

C101:
108.349486	107.769432	108.112582	108.177533	108.379808	108.56053	109.695478	108.063198	108.226679	109.592216	
1648.73718766	1642.85622416	1633.90686583	1640.21964238	1665.73149907	1632.84966835	1637.85293789	1637.80510025	1646.61534453	1646.97236051	
10.0	10.0	10.0	10.0	10.0	10.0	10.0	10.0	10.0	10.0	

C102:
107.975461	107.823655	108.46788	107.692324	109.696181	108.557917	107.866153	109.634119	108.981252	108.035613	
1659.17008984	1636.797542	1639.8622814	1651.21704729	1654.42503373	1633.83038174	1652.98554116	1660.02764962	1639.79849542	1650.06550357	
10.0	10.0	10.0	10.0	10.0	10.0	10.0	10.0	10.0	10.0	

C103:
108.063153	108.140016	107.69189	108.525108	108.013623	107.581028	109.4173	107.655479	108.424847	107.912514	
1626.51513229	1646.1436868	1644.07932405	1648.63214393	1647.09162231	1622.22623234	1638.65639927	1635.33152504	1639.72461233	1637.67507726	
10.0	10.0	10.0	10.0	10.0	10.0	10.0	10.0	10.0	10.0	

C104:
108.348771	108.342706	108.239435	109.615933	108.385457	108.740527	109.34831	107.739282	109.20217	107.749967	
1637.69455882	1645.29995308	1654.54844657	1646.98491035	1639.40311288	1649.48812317	1666.87072877	1627.43672076	1645.82100229	1640.45540381	
10.0	10.0	10.0	10.0	10.0	10.0	10.0	10.0	10.0	10.0	

C105:
108.673507	108.364291	108.150323	108.58971	108.269304	108.462707	104.454364	108.544774	107.935029	108.460709	
1656.49815561	1643.91733675	1653.14144312	1629.45231096	1651.8340128	1649.60815577	1641.41035425	1650.34986227	1618.7204337	1638.34992855	
10.0	10.0	10.0	10.0	10.0	10.0	10.0	10.0	10.0	10.0	

C106:
109.22847	107.913393	107.813722	104.141809	108.784626	108.777378	108.190082	107.534345	108.699706	108.044605	
1649.0731629	1651.70934061	1624.24489725	1645.82985618	1641.66772466	1644.70224624	1633.78563757	1620.80180402	1637.06723114	1625.39146518	
10.0	10.0	10.0	10.0	10.0	10.0	10.0	10.0	10.0	10.0	

C107:
107.883461	107.72119	108.230959	109.139011	108.382985	108.001313	108.333147	108.15563	107.846114	107.948323	
1643.46314303	1624.88749106	1637.47819979	1659.21963161	1653.74990961	1635.23228708	1648.1011636	1638.88846111	1637.98376226	1645.97317635	
10.0	10.0	10.0	10.0	10.0	10.0	10.0	10.0	10.0	10.0	

C108:
108.855345	108.948895	107.890593	108.871076	108.695182	108.067525	108.226912	107.883774	108.960309	108.038883	
1624.87660491	1654.53027833	1644.86814114	1648.17404323	1638.9038346	1639.89054097	1640.22185367	1632.51801265	1638.2981734	1642.6959329	
10.0	10.0	10.0	10.0	10.0	10.0	10.0	10.0	10.0	10.0	

C109:
104.79382	108.047433	109.422444	107.665913	107.679753	108.178166	122.038876	126.065161	125.534949	124.899807	
1651.89672604	1642.67672004	1648.24413268	1619.11614548	1638.13525189	1652.04430047	1640.28494389	1649.48266614	1641.1032827	1639.65483339	
10.0	10.0	10.0	10.0	10.0	10.0	10.0	10.0	10.0	10.0	

RC101:
155.674542	155.147855	142.131846	135.158631	134.83773	135.07123	135.009506	147.78944	155.503699	155.385381	
2788.75604314	2789.48548744	2789.37197558	2775.58333171	2789.11961228	2789.13604259	2790.80654496	2789.51788774	2789.09817012	2790.82373748	
11.0	11.0	11.0	11.0	11.0	11.0	11.0	11.0	11.0	11.0	

RC102:
155.81324	155.670858	155.847436	140.888158	140.877301	156.133764	155.854935	156.106557	157.149046	146.974837	
2780.3396417	2776.24685244	2781.75456108	2782.1572334	2777.93802872	2781.95482146	2780.42988056	2783.13259121	2764.75205523	2779.99435655	
11.0	11.0	11.0	11.0	11.0	11.0	11.0	11.0	11.0	11.0	

RC103:
135.236552	141.911605	155.327068	156.046624	156.848007	156.751676	156.52852	146.955017	134.161975	133.80559	
2774.61752705	2773.47766841	2758.78234072	2758.67464452	2775.33287367	2774.8486377	2770.01457964	2770.35875694	2771.33195782	2775.65765868	
11.0	11.0	11.0	11.0	11.0	11.0	11.0	11.0	11.0	11.0	

RC104:
134.11953	142.676111	156.867531	155.660183	156.316269	157.021031	156.660897	155.876716	155.916892	152.387415	
2769.90073882	2770.57942653	2768.75825409	2770.5003288	2766.63000789	2769.52102792	2770.85254039	2769.76875871	2766.71605123	2767.85728951	
11.0	11.0	11.0	11.0	11.0	11.0	11.0	11.0	11.0	11.0	

RC105:
150.759471	155.723336	155.571535	155.303646	138.025263	139.607857	155.595429	156.328366	138.205551	155.656086	
2771.59138511	2786.12291023	2771.45099923	2787.24149672	2782.80421006	2787.25717923	2789.26334867	2787.77230253	2788.89908166	2787.59414378	
11.0	11.0	11.0	11.0	11.0	11.0	11.0	11.0	11.0	11.0	

RC106:
156.205209	156.028226	155.693395	155.626097	156.476011	155.840134	155.972515	155.967151	155.875446	155.48608	
2772.84931269	2785.2090084	2787.21286728	2789.49005969	2786.17772561	2782.9940523	2788.07545473	2789.5386346	2788.22219051	2784.94235089	
11.0	11.0	11.0	11.0	11.0	11.0	11.0	11.0	11.0	11.0	

RC107:
155.660201	155.261139	156.551376	156.526951	156.473746	155.780473	155.696575	155.816015	155.72729	155.147457	
2786.67506249	2788.85770478	2788.68890332	2785.93250418	2790.75620533	2785.67661254	2789.95280608	2787.01533839	2772.04051475	2783.85248714	
11.0	11.0	11.0	11.0	11.0	11.0	11.0	11.0	11.0	12.0	

RC108:
155.599383	155.333902	155.600747	156.071284	155.836354	156.357461	155.777093	155.651961	155.83222	155.54793	
2779.07302808	2782.23333225	2778.38869591	2784.58304278	2788.12350402	2787.60040804	2785.85149858	2789.79254923	2786.02760212	2773.58123264	
11.0	11.0	11.0	11.0	11.0	11.0	11.0	11.0	11.0	11.0	
