
R101:
58.256777	50.78815	50.654644	50.910782	50.839635	50.948701	50.976484	50.741009	50.886183	50.957965	
1681.13755912	1668.64012458	1665.14911064	1662.79902097	1672.83028414	1686.79520632	1690.73143178	1665.51201988	1663.57153003	1701.45531449	
7.0	7.0	7.0	7.0	7.0	7.0	7.0	7.0	7.0	7.0	

R102:
51.419941	51.044356	51.030125	50.919611	51.013127	51.299405	51.35903	50.9304	51.061172	51.003736	
1694.12738871	1664.6660936	1659.94360199	1681.14095343	1666.33271086	1692.94036001	1682.67744826	1642.95561757	1701.91735791	1665.54193786	
7.0	7.0	7.0	7.0	7.0	7.0	7.0	7.0	7.0	7.0	

R103:
50.890585	50.919872	50.827373	51.01719	50.875938	50.843017	50.910827	50.806709	51.125274	51.071796	
1638.48235308	1687.12684368	1650.61595819	1682.16333871	1671.73289418	1654.22972782	1639.69007813	1664.0071924	1651.12970387	1662.25108862	
7.0	7.0	7.0	7.0	7.0	7.0	7.0	7.0	7.0	7.0	

R104:
51.112585	51.059952	50.995289	51.112104	51.090171	51.031054	50.996594	51.328887	51.025299	50.903197	
1660.32809291	1647.33223953	1621.84283304	1632.99206222	1647.64481474	1679.76076644	1644.7672985	1722.75791633	1633.64870101	1633.13903307	
7.0	7.0	7.0	7.0	7.0	7.0	7.0	7.0	7.0	7.0	

R105:
51.039491	50.949171	50.957857	50.940819	51.106158	51.085193	50.83733	50.908903	51.045333	50.953402	
1715.46733701	1669.59257033	1685.92395786	1666.08030539	1715.39553911	1663.1926753	1662.56760114	1688.32237117	1685.11654892	1683.42895259	
7.0	7.0	7.0	7.0	7.0	7.0	7.0	7.0	7.0	7.0	

R106:
50.862713	53.140322	58.570442	52.59763	51.079128	51.156219	51.04023	50.864839	51.043471	50.909751	
1644.57696867	1663.86686871	1657.15863152	1660.58997303	1663.70162181	1673.74873046	1679.51925986	1665.82125473	1655.3751798	1636.5726835	
7.0	7.0	7.0	7.0	7.0	7.0	7.0	7.0	7.0	7.0	

R107:
50.928704	50.680056	50.819867	50.834485	50.694669	51.024666	50.936062	50.915028	50.931916	50.999118	
1665.85497271	1707.74935472	1653.99859673	1681.73780494	1639.96372413	1660.7261706	1653.67059023	1650.75635785	1704.45679001	1683.33334805	
7.0	7.0	7.0	7.0	7.0	7.0	7.0	7.0	7.0	7.0	

R108:
51.237069	51.415963	51.012753	51.07083	51.032924	51.074062	51.235939	51.028187	51.164641	51.075027	
1680.34268151	1648.13441633	1645.90101331	1633.45966033	1667.51131379	1633.22555883	1646.14222835	1653.49829032	1668.1324231	1648.65670008	
7.0	7.0	7.0	7.0	7.0	7.0	7.0	7.0	7.0	7.0	

R109:
50.920834	50.947203	50.869625	50.858202	51.004653	51.11036	51.17002	50.9579	51.526083	50.838038	
1665.61072237	1665.68502155	1673.43680777	1643.25271364	1661.77315239	1699.00921056	1688.53924139	1659.69371233	1684.05974021	1659.63992867	
7.0	7.0	7.0	7.0	7.0	7.0	7.0	7.0	7.0	7.0	

R110:
50.980502	50.879224	50.876467	51.19282	51.042396	50.831954	50.861931	50.978128	50.961994	50.936663	
1649.26746075	1664.98387931	1691.49537839	1712.71418571	1669.87683372	1692.09849309	1664.83990614	1652.6514908	1690.10221261	1665.76634035	
7.0	7.0	7.0	7.0	7.0	7.0	7.0	7.0	7.0	7.0	

R111:
51.093732	50.956483	50.840438	50.825689	50.984	51.12433	51.214094	50.779322	51.161734	50.787203	
1655.27702837	1692.32003874	1680.22519144	1663.64535971	1668.8210416	1633.69070604	1671.58710386	1665.37226501	1667.12138662	1681.31403212	
7.0	7.0	7.0	7.0	7.0	7.0	7.0	7.0	7.0	7.0	

R112:
50.935264	50.781505	50.980452	50.870974	50.700124	50.907028	50.748813	50.736454	51.079387	50.938865	
1664.97620428	1666.59457015	1648.88746075	1662.425719	1645.68349783	1667.00352685	1647.24439613	1668.22507627	1679.72722425	1682.63448988	
7.0	7.0	7.0	7.0	7.0	7.0	7.0	7.0	7.0	7.0	

C101:
66.348826	66.543868	66.511553	66.215073	66.784803	66.591931	66.718858	66.283487	66.69891	66.584215	
1624.14443472	1629.56789054	1645.48569352	1620.34094422	1632.10136463	1630.23838715	1628.27311534	1629.35596409	1646.00453618	1628.64436952	
10.0	10.0	10.0	10.0	10.0	10.0	10.0	10.0	10.0	10.0	

C102:
66.734479	66.870527	66.657211	66.575513	66.513423	66.60013	66.702242	66.891423	66.807842	66.666124	
1641.49916191	1640.78070631	1651.06430255	1650.16610176	1616.95264754	1618.11719754	1626.12197661	1619.86827855	1638.76878981	1654.9637953	
10.0	10.0	10.0	10.0	10.0	10.0	10.0	10.0	10.0	10.0	

C103:
66.559037	66.526917	66.640526	66.713047	66.404829	66.592802	66.663048	66.758084	66.62883	66.572296	
1637.29805672	1635.28680514	1618.94790585	1632.54493645	1632.13263698	1626.43093764	1624.49988023	1627.77081793	1631.71436037	1649.49878202	
10.0	10.0	10.0	10.0	10.0	10.0	10.0	10.0	10.0	10.0	

C104:
67.154499	66.945983	66.818499	67.196636	66.888076	66.374922	66.655147	66.767711	66.640193	67.11566	
1620.65509716	1613.12771813	1641.42348815	1631.72442859	1632.17928458	1640.03778919	1629.51225127	1642.20603014	1650.04006956	1639.47799407	
10.0	10.0	10.0	10.0	10.0	10.0	10.0	10.0	10.0	10.0	

C105:
66.480251	66.357451	66.428611	66.640786	66.312267	66.686389	66.505874	66.451295	66.955881	66.498042	
1641.94831192	1630.9436208	1624.44822312	1634.91443987	1637.78195638	1639.01097577	1628.55522804	1632.02284166	1636.40920718	1643.56715594	
10.0	10.0	10.0	10.0	10.0	10.0	10.0	10.0	10.0	10.0	

C106:
66.43812	66.253483	66.527996	66.235946	66.666238	66.364707	66.812238	66.371963	66.419436	66.477008	
1627.99270516	1624.52923075	1641.71556931	1639.52304351	1632.52528992	1633.49694579	1634.30008434	1641.64209153	1631.65608588	1640.63997698	
10.0	10.0	10.0	10.0	10.0	10.0	10.0	10.0	10.0	10.0	

C107:
66.346213	66.618516	66.505962	66.317848	66.93992	66.631019	66.134241	66.658392	66.550506	66.476897	
1660.31166588	1639.14954747	1640.62402099	1611.71045022	1631.75433984	1633.95043657	1629.22661209	1629.08758909	1643.59920163	1616.49863645	
10.0	10.0	10.0	10.0	10.0	10.0	10.0	10.0	10.0	10.0	

C108:
66.48489	66.730039	66.345041	66.821676	66.677586	66.725442	66.731913	66.775071	66.723614	66.215508	
1625.68196974	1630.23690294	1644.26270188	1625.06731646	1620.13506785	1637.80890632	1650.32407745	1642.24399111	1653.30642562	1633.03406856	
10.0	10.0	10.0	10.0	10.0	10.0	10.0	10.0	10.0	10.0	

C109:
66.597499	66.428814	66.598464	66.717103	66.501709	66.222914	66.388182	66.718887	66.449736	66.789684	
1646.65609269	1627.48741772	1646.70059509	1658.92156141	1641.24164184	1628.66324008	1641.74884407	1642.18565998	1639.6186162	1643.05776225	
10.0	10.0	10.0	10.0	10.0	10.0	10.0	10.0	10.0	10.0	

RC101:
79.846488	79.71609	79.664906	79.704441	79.823941	79.643895	79.774001	79.690183	79.576984	79.572026	
2793.77131524	2791.18394735	2787.11244476	2791.53542971	2785.77322068	2785.33200169	2792.10592305	2789.54311065	2792.01452342	2788.0899793	
11.0	11.0	11.0	11.0	11.0	11.0	11.0	11.0	11.0	11.0	

RC102:
79.839983	79.695911	79.857736	79.941865	79.844084	79.771948	79.555153	79.754986	79.789716	79.7887	
2780.54665356	2784.83584262	2783.77282591	2783.95030224	2784.91992906	2778.10695576	2787.43297958	2777.26090835	2776.53401256	2783.1494654	
11.0	11.0	11.0	11.0	11.0	11.0	11.0	11.0	11.0	11.0	

RC103:
79.549375	79.859049	79.594193	79.854124	79.885733	79.834621	80.153791	79.898065	79.641993	80.044625	
2770.7662747	2757.36530993	2766.84666731	2776.17536009	2773.60746381	2776.92248615	2773.25632831	2768.9240017	2790.34604888	2769.25507269	
11.0	11.0	11.0	11.0	11.0	11.0	11.0	11.0	11.0	11.0	

RC104:
79.846361	79.981251	80.044768	79.957693	79.830149	79.959654	80.040616	79.877305	79.957985	79.933365	
2771.74299243	2767.20039706	2774.07466308	2767.0088121	2771.5252821	2767.07385783	2770.88877709	2768.73481272	2774.25860734	2772.46891957	
11.0	11.0	11.0	11.0	11.0	11.0	11.0	11.0	11.0	11.0	

RC105:
79.649577	79.936847	79.890652	80.101157	79.88435	79.770807	79.867098	80.114873	79.839834	79.899879	
2783.30208503	2772.31179168	2783.48507788	2784.66931833	2781.61760833	2789.32319507	2791.35726684	2784.9449575	2775.98717518	2793.9801817	
11.0	11.0	11.0	11.0	11.0	11.0	11.0	11.0	11.0	11.0	

RC106:
80.050473	79.807239	79.818975	79.628339	79.805345	79.739961	79.960479	80.071357	80.037646	79.957805	
2775.36263969	2788.47648303	2792.46121002	2790.29122766	2780.21805884	2786.94604597	2778.35091721	2776.64234054	2792.38732885	2785.05411146	
11.0	11.0	11.0	11.0	11.0	11.0	11.0	11.0	11.0	11.0	

RC107:
79.960751	80.041713	79.700366	79.744635	79.794331	80.030852	79.881889	79.822626	80.03333	79.570556	
2793.36370399	2780.74459992	2783.764145	2786.82295218	2791.48563749	2787.2667781	2790.29820291	2788.24967406	2786.61801702	2784.41692893	
11.0	11.0	11.0	11.0	11.0	11.0	11.0	11.0	11.0	11.0	

RC108:
79.916856	80.144665	79.743287	80.020253	80.037184	79.824083	79.841396	80.103794	80.233945	80.134218	
2790.68784049	2780.4264788	2789.25191783	2785.17350366	2785.41356518	2786.42530036	2789.50657611	2789.71995453	2790.5889953	2786.6426703	
11.0	11.0	11.0	11.0	11.0	11.0	11.0	11.0	11.0	11.0	
