
R101:
16.8286637437	16.9244380519	17.3094676259	16.9389655204	17.4404172447	17.0131797663	16.7411530153	16.745406987	17.12077556	16.9924434173	
1823.91524274	1820.24919777	1832.05126511	1745.68445904	1781.95573814	1791.35784337	1790.87268499	1742.93962627	1739.97620428	1740.05050345	
7.0	7.0	7.0	7.0	7.0	7.0	7.0	7.0	7.0	7.0	

C101:
22.5463190662	22.1860689479	22.4486000752	22.3632424263	21.8555835847	26.4476748081	27.538688434	27.6317906104	27.6064522567	28.0542116929	
1720.89425944	1724.10993068	1725.17359911	1725.27798627	1714.25010485	1720.94118566	1709.44611608	1724.27005389	1732.44090184	1721.82602638	
10.0	10.0	10.0	10.0	10.0	10.0	10.0	10.0	10.0	10.0	

RC101:
34.7902203786	31.7693324043	28.9936021168	28.3002717267	28.3533102628	28.8987798746	27.3597525757	27.6875442975	28.0282157085	27.7559389521	
2861.23130091	2864.89742247	2863.52863418	2865.50967677	2861.8664958	2866.40852877	2845.69974838	2863.07514848	2860.49618934	2861.15344811	
11.0	11.0	11.0	11.0	11.0	11.0	11.0	11.0	11.0	11.0	
