
R101:
9.94916390979	9.93478665613	9.89112103297	9.94909056545	9.88804621258	9.87540630296	9.8719344358	9.86258691128	10.6847790749	10.5620739946	
1741.5566071	1767.43448905	1793.35055441	1717.66742262	1765.47577854	1740.05817849	1742.28783875	1799.44236829	1820.83974916	1799.80561111	
7.0	7.0	7.0	7.0	7.0	7.0	7.0	7.0	7.0	7.0	

C101:
13.247038546	13.4131990897	13.6168858417	13.2458992404	16.6947126489	14.9468567366	14.4593037648	13.695689398	13.8375190149	14.6424893633	
1736.76205296	1716.01953636	1709.8495785	1707.50228103	1720.10577954	1699.51272272	1698.86736947	1727.92289066	1719.98444174	1766.53251583	
10.0	10.0	10.0	10.0	10.0	10.0	10.0	10.0	10.0	10.0	

RC101:
17.2679624872	16.7688309829	16.5707483732	16.1364433919	16.6082424933	16.4842969063	15.8874026865	15.6782683542	15.6707445649	15.6471819906	
2866.42619611	2851.67827353	2866.58476295	2862.90077854	2856.50407106	2864.66128664	2866.37097061	2846.1810512	2864.12137731	2867.94013576	
11.0	11.0	11.0	11.0	11.0	11.0	11.0	11.0	11.0	11.0	
