
R101:
20.3368793676	17.2548208036	17.1568965894	16.9369069423	17.6005790677	17.2228818119	17.0444417332	17.2147204911	17.4337175213	17.3136045287	
1755.34936022	1690.58818881	1728.97858072	1661.86074923	1714.62727892	1715.64226254	1652.38436614	1667.57072237	1672.86232155	1665.33394703	
7.0	7.0	7.0	7.0	7.0	7.0	7.0	7.0	7.0	7.0	

C101:
23.0153899697	23.0227695387	22.6900302475	22.7781668711	22.5832204371	23.4496776728	23.4431704783	23.1876694766	23.1848559454	22.6643904063	
1639.2602676	1637.88979735	1659.97276125	1652.53179437	1636.69875479	1630.16286103	1642.0908053	1638.87763773	1656.71476036	1659.2429846	
10.0	10.0	10.0	10.0	10.0	10.0	10.0	10.0	10.0	10.0	

RC101:
28.3329367567	28.7684251207	28.3459613715	28.4066774379	29.1457750487	28.7760991249	28.732351342	28.3664138638	28.5066380154	28.316945575	
2789.37197558	2790.68245318	2789.11939977	2789.1658808	2785.00232891	2790.96532458	2788.102724	2788.74032668	2788.77782802	2790.83073224	
11.0	11.0	11.0	11.0	11.0	11.0	11.0	11.0	11.0	11.0	
