
R101:
9.88733216311	9.82415906131	9.90546126185	9.83304359968	9.91805321555	10.6556021323	10.2516363193	9.97106248444	10.149755037	10.0493092585	
1693.13912969	1687.46432522	1686.38666482	1681.63413424	1702.0317976	1703.74293793	1685.31845087	1631.26633362	1642.02023007	1691.23390846	
7.0	7.0	7.0	7.0	7.0	7.0	7.0	7.0	7.0	7.0	

C101:
13.4593143433	13.1891095645	13.4532091322	13.2983496113	13.2455131248	13.6097051487	13.5472774793	13.3094792622	13.6666277613	13.3764292449	
1630.56732596	1663.03423761	1621.27528473	1644.33350079	1664.01319257	1652.57636672	1641.32342568	1656.43338594	1622.54050027	1619.06971556	
10.0	10.0	10.0	10.0	10.0	10.0	10.0	10.0	10.0	10.0	

RC101:
15.9914804202	16.1378986424	16.4386153717	16.1307419274	16.1809348441	16.1940444396	16.2717608777	15.9843857658	16.328039259	17.355143166	
2785.55465583	2797.32194101	2787.78126528	2793.32005961	2790.07989975	2797.13785495	2789.77173561	2784.40142386	2794.47638797	2797.92109014	
11.0	11.0	11.0	11.0	11.0	11.0	11.0	11.0	11.0	11.0	
